factors 149597870691e-10 6371000e-8 0.1
"Sun"                   0.00 20.0 0.000 light (1.0 1.0 0.0) {
	"Mercury"       0.38 0.38 0.241       (1.0 1.0 1.0)
	"Venus"         0.73 0.95 0.615       (1.0 1.0 1.0)
	"Earth"         1.00 1.00 1.000       (0.0 1.0 1.0) {
		"Moon"  0.01 0.01 0.074       (0.8 0.8 0.8)
	}
	"Mars"          1.50 0.53 1.881       (1.0 0.0 0.0)
	"4 Vesta"       2.36 0.04 3.629       (1.0 1.0 1.0)
	"1 Ceres"       2.77 0.07 4.600       (1.0 1.0 1.0)
	"10 Hygiea"     3.14 0.03 5.557       (1.0 1.0 1.0)
	"Jupiter"       5.20 11.2 11.87       (1.0 1.0 1.0)
	"Saturn"        9.58 9.45 29.45       (1.0 1.0 1.0)
	"Uranus"        19.2 4.00 84.07       (1.0 1.0 1.0)
	"Neptune"       30.1 3.88 164.9       (1.0 1.0 1.0)
	"134340 Pluto"  39.5 0.19 248.1       (1.0 1.0 1.0)
	"136199 Eris"   67.7 0.19 557.0       (1.0 1.0 1.0)
	"90377 Sedna"   88.0 0.14 12050       (1.0 1.0 1.0)
}
